alsa_card.pci-0000:00:1f.3:input:analog-input-internal-mic mute:0 volumes:2,0.398102,0.398102
alsa_card.pci-0000:00:1f.3:output:analog-output-headphones mute:0 volumes:2,0.249268,0.249268
